../../.git/annex/objects/W9/g1/MD5E-s85037--7518ae89d6c47d4d9457a5be506f9315.tsv/MD5E-s85037--7518ae89d6c47d4d9457a5be506f9315.tsv